819992522109894658 0
212262370 0
888031054141022209 0
842072478834909184 0
836305915452272641 0
11522502 0
18906561 0
956283913835614208 0
935148134505828353 0
828613457020870657 0
819980276570976256 0
988573326376427520 0
826065858548133888 0
799764016885329921 0
1024390184090181633 0
862405301693296640 0
818910970567344128 0
939091 1
15007149 1
1076899938 1
129928278 1
3290070855 1
821446682860732416 1
821763194372943872 1
4797361833 1
788075094711107584 1
19682187 1
17856665 1
821769014691168256 1
30043495 1
1031591 1
820830366713991168 1
1530850933 1
2328937074 1
1615463502 1
279036722 1
1541518434 1
2962891515 0
2916086925 1
76452765 0
3018670151 1
76649729 0
2964287128 0
233842454 0
85689484 0
3609064098 0
2929491549 0
818975124460335106 0
603083228 0
1074518754 1
816131319033950208 0
93965901 0
1089334250 0
303633791 1
202206694 0
19929362 0
239949176 1
1531521632 1
133832049 1
950783972 1
815241612154417152 0
2962868158 1
816652616625168388 0
26051676 0
2485713498 0
249410485 1
110545675 0
278145569 0
2965083477 0
15954997 1
278124059 1
4049197462 1
21269970 0
558769636 1
15808765 1
5558312 0
2964877294 0
231108733 1
19926675 0
17996269 1
2279098645 0
243418245 0
237299871 0
1074101017 0
823552974253342721 1
24768753 1
44251742 1
20467163 0
2862577383 0
234812598 0
817138492614524928 0
15751083 0
21157904 0
1092979962 1
432676344 1
2253968388 0
22545491 0
117501995 1
193794406 0
75785294 1
816157667882373120 1
1222257180 1
109071031 1
249787913 1
199325935 1
2973870195 0
18030431 0
776664410 1
171598736 1
55677432 0
756123897783808000 1
231510077 1
237750442 0
17800215 0
98471035 0
193732179 1
462143773 1
23201727 1
240812994 1
584912320 1
163570705 1
23725826 0
555474658 0
19407835 0
162069635 1
23124635 0
1058256326 0
1060487274 0
19726613 0
838462994 0
2933760046 0
295685416 0
78445977 1
138770045 1
1074412920 0
15324851 1
22523087 1
73303753 0
13218102 0
815985039485837312 1
811313565760163844 1
245451804 1
484129385 0
968650362 0
85396297 1
28267055 0
600463589 0
233693291 0
38970940 1
111635980 1
1074480192 0
210926192 1
14904437 0
787373558 1
2853309155 0
26057209 0
11651202 0
742735530287304704 0
789244177 1
993153006 0
432771620 1
252249233 1
28599820 1
426028646 1
140519774 1
995193054 1
21346398 0
242376736 0
487297085 0
2968007206 1
235312723 0
137794015 1
37094727 0
2970279814 1
153944899 1
216503958 1
3353670647 0
39249305 1
1058520120 1
234022257 0
38520853 0
1883356866 0
815952318487298048 0
247334603 1
14135426 1
2914515430 0
164007407 1
291756142 0
2856787757 0
249348006 1
817076257770835968 1
854715071116849157 0
1060984272 1
90639372 1
815931811348017152 0
378631423 1
806583915012046854 0
323490669 0
816303263586914304 0
16056306 0
235190657 0
237312687 0
18805303 0
1080509366 1
16256269 0
1077121945 1
171968009 1
153486399 1
26637348 1
818948638890217473 0
815966620300480514 0
2966570782 1
88806753 1
235217558 0
818460870573441028 0
3420965229 0
234822928 0
72198806 1
22055226 0
2371339658 1
818536152588238849 1
819744763020775425 0
37920978 0
240760644 0
431105217 1
237348797 0
432895323 0
161743731 0
10615232 0
2951574214 0
29766367 0
190328374 0
156333623 1
378584930 1
234057152 0
28602948 1
2976606250 0
1908143071 0
36948268 1
235373000 1
23712174 0
960962340 0
30354991 1
237763317 0
946549322 1
2433737761 1
262756641 0
1068499286 1
183062944 1
460376288 1
266133081 0
18566912 0
19168067 0
242926427 0
2975091705 0
33576489 1
843636970538618880 0
2953974395 0
31611298 1
92186819 1
382791093 0
1058460818 0
811986281177772032 0
266719387 1
935033864 0
334894942 1
233949261 0
237814920 0
1305596696 0
2963445730 0
262192574 0
7270292 0
78403308 0
22509548 0
80612021 1
815733290955112448 1
467823431 1
168502762 1
24745957 1
103761467 0
233737858 0
61553835 0
1010616057932013571 1
941080085121175552 1
26778110 0
18166778 0
976969338 0
172858784 1
581141508 1
2966765501 0
232992031 1
935368364 0
1339931490 1
710820198606106624 0
816683274076614656 0
1055907624 1
816298918468259841 1
816282029276938240 1
1045110018 1
1058917562 1
112740986 1
1068481578 I
18277655 0
48117116 0
219429281 0
33537967 1
456636692 0
814179031956488192 1
1058717720 1
317386234 0
246341769 0
3686482216 0
1069124515 0
855240223432769538 1
584012853 0
613725908 0
18909919 1
225921757 0
404132211 1
50452197 1
15394954 0
2863006655 1
818472418620608512 1
242836537 1
248735463 1
88784440 0
34715823 0
25781141 1
801255835 0
29450962 1
3044993235 1
1009269193 1
510516465 1
267938462 1
1444015610 0
2914163523 0
343171266 0
1055730738 1
221792092 1
242772524 0
1849261916 0
368472546 1
19318314 1
130901013 1
2962994194 0
258900199 1
1072467470 1
234374703 1
23976316 0
21406834 1
1240107944 0
975200486 0
814103950404239360 0
38254095 1
19394188 0
15428227 0
16160352 1
26424123 0
50152441 0
516880804 1
1249982359 0
816181091673448448 1
242426145 1
27676828 0
240427862 0
385429543 1
482450423 0
963480595 0
18695134 1
1051127714 1
29201047 1
18268819 0
2696643955 0
2964526557 0
22669526 1
18632666 0
977247448820305920 1
248495200 1
1060370282 0
888031054141022209 0
18061669 0
150078976 1
796183515998068736 1
293131808 1
161411080 1
442824717 1
20597460 1
2930635215 0
114388293 0
1055685948 1
3122099613 1
880480631108644864 0
23600262 1
344972339 0
808416682972770304 1
342863309 1
20053279 0
299883942 0
31801993 1
2861616083 0
796736612554117120 1
74508260 1
216881337 0
89001820 0
1155335864 1
38978018 0
15764644 1
2863210809 0
20552026 1
459755446 0
236511574 1
1135486501 1
115676070 1
14984637 1
950328072 0
2724095695 1
309070309 1
74198348 0
2932617195 0
15361570 1
18915145 0
25086658 0
155669457 1
829782369670410240 0
56864092 1
3026622545 0
806906355214852096 1
2847221717 0
486694111 1
252819323 0
2337241560 0
2970462034 1
1058345042 0
267854863 1
1096059529 0
75364211 0
69086398 0
17976923 0
52503751 0
550401754 0
33977070 0
19139963 0
17544524 0
816111677917851649 0
23970171 0
14275291 0
4749863113 1
3537275536 0
1155212191 0
2955485182 0
834069080 0
479872233 1
246769138 0
15745368 0
1089859058 1
305620929 1
305216911 1
2966758114 0
828977216595849216 0
18916432 0
13491312 1
926446070812602371 1
312134473 1
216776631 I
1499993378 0
364415553 1
1480852568 0
1209417007 0
1067541214671577093 1
24195214 1
47747074 1
29501253 1
1071840474 1
20545793 1
17494010 1
229197216 0
110755266 0
272465994 1
161791703 1
217543151 0
851621377 0
33563161 1
986781648 0
24735461 0
381152398 1
109287731 1
154139987 1
21111098 0
30216513 1
15600527 0
365922043 0
20747881 1
18696134 1
63169388 1
58928690 1
296245061 0
1289319271 0
181621546 0
47724293 1
41417564 0
818713465653051392 1
24913074 1
20113797 1
109579534 0
1072008757 0
211420609 0
15141113 0
2891210047 0
816705409486618624 1
942156122 1
1037321378 1
756285384 0
515822213 1
82453460 1
18967498 0
303861808 1
296361085 0
912608010 0
22195441 0
242873057 0
17907578 1
84119348 1
26062385 0
236279233 1
19936673 0
242892689 1
51228911 0
60828944 1
124224165 0
36676406 0
18137749 1
1260172386 1
1074129612 1
1083448909 1
164369297 1
193872188 1
1051446626 0
237862972 0
32010840 0
2966205003 0
1065995022 0
2327941633 0
85726335 1
7429102 1
970207298 1
115979444 1
36686040 1
2968451607 1
1058051748 0
281540744 0
1410590874 1
518644221 0
2852998461 0
242555999 1
264219447 0
533324996 1
1077446982 0
234014087 1
254082173 0
46184745 0
234469322 0
2382685057 0
250188760 1
234763384 1
1071900114 0
314205957 0
802612183209111552 0
234128524 0
2750127259 0
827258161841135623 0
25073877 0
813286 1
1339835893 1
409486555 1
